道具一	道具二	道具三	道具四	道具五	道具六	道具七	道具八	道具九	道具十	道具十一	道具十二	道具十三	道具十四	道具十五	道具十六	道具十七	道具十八	道具十九	道具二十	道具二十一	道具二十二	道具二十三	道具二十四	道具二十五	道具二十六	道具二十七	道具二十八	道具二十九	道具三十	道具三十一	道具三十二	道具三十三	道具三十四	道具三十五	道具三十六	道具三十七	道具三十八	道具三十九	道具四十	道具四十一	道具四十二	道具四十三	道具四十四	道具四十五	道具四十六	道具四十七	道具四十八	道具四十九	道具五十	道具五十一	道具五十二	道具五十三	道具五十四	道具五十五	道具五十五	道具五十六	道具五十七	道具五十八	道具五十九	道具六十	道具六十一	道具六十二	道具六十三	道具六十四	道具六十五	道具六十六	道具六十七	道具六十八	道具六十九	道具七十	道具七十一	道具七十二	道具七十三	道具七十四	道具七十五	道具七十六	道具七十七	道具七十八	道具七十九	道具八十	道具八十一	道具八十二	道具八十三	道具八十四	道具八十五	道具八十六	道具八十七	道具八十八	道具八十九	道具九十	道具九十一	道具九十二	道具九十三	道具九十四	道具九十五	道具九十六	道具九十七	道具九十八	道具九十九	道具一百	道具一百零一	道具一百零二	道具一百零三	道具一百零四	道具一百零五	道具一百零六	道具一百零七	道具一百零八	道具一百零九	道具一百一十	道具一百一十一	道具一百一十二	道具一百一十三	道具一百一十四	道具一百一十五	道具一百一十六
26	27	28	29	30	46	47	48	49	50	76	77	78	79	80	554																																																																																																					
446	447	306	307	308	309	310	311	312	313	326	327	328	329	330	331	332	333	346	347	348	349	350	351	352	353	366	367	368	369	370	371	372	373	376	377	378	379	380	381	382	383	555																																																																										
1	2	3	4	6	7	8	9	11	12	16	22	23	24																																																																																																							
26	27	28	29	30	46	47	48	49	50	76	77	78	79	80	552																																																																																																					
446	447	306	307	308	309	310	311	312	313	326	327	328	329	330	331	332	333	346	347	348	349	350	351	352	353	366	367	368	369	370	371	372	373	376	377	378	379	380	381	382	383	553																																																																										
1	2	3	4	6	7	8	9	11	12	16	22	23	24																																																																																																							
36	37	38	39	40	56	57	58	59	60	66	67	68	69	70	546																																																																																																					
446	447	316	317	318	319	320	321	322	323	336	337	338	339	340	341	342	343	356	357	358	359	360	361	362	363	366	367	368	369	370	371	372	373	376	377	378	379	380	381	382	383	547																																																																										
1	2	3	4	6	7	8	9	11	12	16	22	23	24	5	10	15																																																																																																				
26	27	28	29	30	46	47	48	49	50	76	77	78	79	80	542																																																																																																					
446	447	316	317	318	319	320	321	322	323	336	337	338	339	340	341	342	343	356	357	358	359	360	361	362	363	366	367	368	369	370	371	372	373	376	377	378	379	380	381	382	383	543																																																																										
1	2	3	4	6	7	8	9	11	12	16	22	23	24	5	10	15	13	14
26	27	28	29	30	46	47	48	49	50	76	77	78	79	80	544																																																																																																					
446	447	306	307	308	309	310	311	312	313	326	327	328	329	330	331	332	333	346	347	348	349	350	351	352	353	366	367	368	369	370	371	372	373	376	377	378	379	380	381	382	383	545																																																																										
1	2	3	4	6	7	8	9	11	12	16	22	23	24	5	10	15																																																																																																				
26	27	28	29	30	46	47	48	49	50	76	77	78	79	80	550																											
446	447	306	307	308	309	310	311	312	313	326	327	328	329	330	331	332	333	346	347	348	349	350	351	352	353	366	367	368	369	370	371	372	373	376	377	378	379	380	381	382	383	551
1	2	3	4	6	7	8	9	11	12	16	22	23	24																													
36	37	38	39	40	56	57	58	59	60	66	67	68	69	70	549																											
446	447	316	317	318	319	320	321	322	323	336	337	338	339	340	341	342	343	356	357	358	359	360	361	362	363	366	367	368	369	370	371	372	373	376	377	378	379	380	381	382	383	548
1	2	3	4	6	7	8	9	11	12	16	22	23	24																													
26	27	36	37	46	47	56	57	66	67	76	77	86	87	96	97	106	107																									
446	136	137	146	147	156	176	206	207	236	237	246	247	256	257	276	277	296	297	450	451	460	461	480	481	490	491	510	511	520	521	530											
1	2	6	7	16	21	22																																				
26	27	36	37	46	47	56	57	66	67	76	77	86	87	96	97	106	107																									
446	136	137	146	147	156	176	206	207	236	237	246	247	256	257	276	277	296	297	450	451	460	461	480	481	490	491	510	511	520	521	530											
1	2	6	7	16	21	22																																				
26	27	36	37	46	47	56	57	66	67	76	77	86	87	96	97	106	107																									
446	136	137	146	147	156	176	206	207	236	237	246	247	256	257	276	277	296	297	450	451	460	461	480	481	490	491	510	511	520	521	530											
1	2	6	7	16	21	22																																				
34	35	44	45	54	55	64	65	74	75	84	85	94	95	104	105	114	115																									
446	144	145	154	155	164	165	214	215	244	245	254	255	264	265	284	285	304	305	458	459	468	469	488	489	498	499	518	519	528	529	538	539
4	5	9	10	13	14	25																										
26	27	36	37	46	47	56	57	66	67	76	77	86	87	96	97	106	107															
446	136	137	146	147	156	176	206	207	236	237	246	247	256	257	276	277	296	297	450	451	460	461	480	481	490	491	510	511	520	521	530	
1	2	6	7	16	21	22																										
26	27	36	37	46	47	56	57	66	67	76	77	86	87	96	97	106	107															
446	136	137	146	147	156	176	206	207	236	237	246	247	256	257	276	277	296	297	450	451	460	461	480	481	490	491	510	511	520	521	530	
1	2	6	7	16	21	22																										
35	45	55	65	75	85																											
4	5	9	10	13	14	25																										
386	387	388	389	390	391	392	393	394	395																							
396	397	398	399	400	401	402	403	404	405																							
406	407	408	409	410	411	412	413	414	415																							
416	417	418	419	420	421	422	423	424	425																							
426	427	428	429	430	431	432	433	434	435																							
416	417	541	419	420	421	422	423	424	425																							
406	407	540	409	410	411	412	413	414	415																							
26	27	28	29	30	31	32	33																									
446	186	187	188	189	190	191	192	193	286	290	291	292	293																			
1	2	3	4	5	6	7	8	9	10	11	12	13	14	15	21	22	23	24	25													
86	87	88	89	90	91	92	93	96	97	98	99	100	101	102	103	106	107	108	109	110	111	112	113									
446	146	147	148	149	150	151	152	153	450	451	452	453	454	455	456	457																
2	3	4	6	7	8	11	12	16	22	23	24																					
36	37	38	39	40	41	42	43	56	57	58	59	60	61	62	63	66	67	68	69	70	71	72	73									
446	156	157	158	159	160	161	162	163	256	257	258	259	260	261	262	263																
2	3	4	6	7	8	11	12	16	22	23	24																					
36	37	38	39	40	41	42	43	56	57	58	59	60	61	62	63	66	67	68	69	70	71	72	73									
446	136	137	138	139	140	141	142	143	206	207	208	209	210	211	212	213	236	237	238	239	240	241	242	243	490	491	492	493	494	495	496	497
2	3	4	6	7	8	11	12	16	22	23	24																					
26	27	28	29	30	31	32	33																									
446	126	127	128	129	130	131	132	133	196	197	198	199	200	201	202	203	226	227	228	229	230	231	232	233	296	297	298	299	300	301	302	303
2	3	4	6	7	8	11	12	16	22	23	24																					
36	37	38	39	40	41	42	43	76	77	78	79	80	81	82	83																																	
446	450	451	452	453	454	455	456	457	460	461	462	463	464	465	466	467	480	481	482	483	484	485	486	487	510	511	512	513	514	515	516	517	520	521	522	523	524	525	526	527	530	531	532	533	534	535	536	537
2	3	4	6	7	8	11	12	16	22	23	24																																					
26	27	28	29	30	31	32	33	36	37	38	39	40	41	42	43	46	47	48	49	50	51	52	53	56	57	58	59	60	61	62	63	66	67	68	69	70	71	72	73									
446	116	117	118	119	120	121	122	123	216	217	218	219	220	221	222	223																																
2	3	4	6	7	8	11	12	16	22	23	24																																					
46	47	48	49	50	51	52	53																																									
446	166	167	168	169	170	171	172	173	266	267	268	269	270	271	272	273	470	471	472	473	474	475	476	477	500	501	502	503	504	505	506	507																
2	3	4	6	7	8	11	12	16	22	23	24																																					
26	27	28	29	30	31	32	33	36	37	38	39	40	41	42	43																																	
446	126	127	128	129	130	131	132	133	196	197	198	199	200	201	202	203	226	227	228	229	230	231	232	233	296	297	298	299	300	301	302	303																
2	3	4	6	7	8	11	12	16	22	23	24																																					
46	47	48	49	50	51	52	53	36	37	38	39	40	41	42	43																																	
446	176	177	178	179	180	181	182	176	177	178	179	180	181	182	183	276	277	278	279	280	281	282	283	480	481	482	483	484	485	486	487	530	531	532	533	534	535	536	537									
2	3	4	6	7	8	11	12	16	22	23	24																																					
26	27	36	37	46	47	56	57	66	67	76	77	86	87	96	97	106	107																															
446	136	137	146	147	156	176	206	207	236	237	246	247	256	257	276	277	296	297	450	451	460	461	480	481	490	491	510	511	520	521	530																			
1	2	6	7	16	21	22																																												
26	27	36	37	46	47	56	57	66	67	76	77	86	87	96	97	106	107																																	
446	136	137	146	147	156	176	206	207	236	237	246	247	256	257	276	277	296	297	450	451	460	461	480	481	490	491	510	511	520	521	530																			
1	2	6	7	16	21	22																																												
26	27	36	37	46	47	56	57	66	67	76	77	86	87	96	97	106	107																																	
446	136	137	146	147	156	176	206	207	236	237	246	247	256	257	276	277	296	297	450	451	460	461	480	481	490	491	510	511	520	521	530																			
1	2	6	7	16	21	22																																												
1	2	3	4	6	7	8	9	11	12	16	22	23	24	5	10	15																																		
448	1	2	3	4	5	6	7	8	9	10	11	12	13	14	15	21	22	23	24	25																														
1	2	3	4	5	6	7	8	9	10	11	12	13	14	15	21	22	23	24	25																															
436	437	438	439	440																																														
556	557	558	559	560	561	562	563	564	565	566	567	568	579	580	581	582
583	584	585	586	587	588	589	590	591	592	593	594	595	596	597	598	599	600	601	602	603	604	605	606	607	608	609
610	611	612	613	614	615	616	617	618	619	644	645	646	647
583	584	585	586	587	588	589	590	591	592	593	594	595	596	597	598	599	600	601	602	603	604	605	606	607	608	609	620	621	622	623	624	625	626	627	628	629	630	631	632	633	634	635	636	637	638	639	640	641	642	643
668	669	648
649	650	652	653	662	654	655	658	659	660	661	656	657	663	670	671	672
664	665	666	667